Sat1: 245180740.3831706
Sat2: 77545869.01785202
Sat3: 22460889.295433786
Sat4: 25880966.179507367
Sat5: 26018891.156087056


