Sat1: 7689177.526437607
Sat2: 9997071.944933787
Sat3: 1706019.051890472
Sat4: 3135631.347046424
Sat5: 3303328.905505842
