Sat1: 8194.055180661702
Sat2: 10499.851285687593
Sat3: 2001.8940300671197
Sat4: 3772.7586218397105
Sat5: 3447.729720576362


